Image	x	y	width	height	score
5D0S5FKZ.jpg	916.356	632.521	55.9703	160.694	0.160811
5D0S5FKZ.jpg	4584.26	781.774	37.4702	106.848	-0.265581
5D0S5FKZ.jpg	3802.67	1036.06	88.2209	265.966	-0.37159
5D0S5FKZ.jpg	403.449	1199.17	35.9339	126.434	-0.419086
5D0S5FKZ.jpg	3731.48	999.385	84.5925	258.206	-0.447279
5D0S5FL0.jpg	2530.97	1214.01	41.5396	123.964	0.0715213
5D0S5FL0.jpg	1259.7	541.654	43.2457	139.493	-0.636083
5D0S5FL3.jpg	1798.84	700.155	104.649	309.564	-0.459499
5D0S5FL4.jpg	1422.61	754.693	70.3506	214.219	-0.246322
5D0S5FL4.jpg	1542.43	827.405	57.9224	174.251	-0.252226
5D0S5FLB.jpg	1789.88	433.699	48.2112	137.689	-0.284397
5D0S5FLB.jpg	4319.22	937.503	93.2202	285.732	-0.583042
5D0S5FLC.jpg	1420.99	749.255	69.6335	216.6	-0.319894
5D0S5FLE.jpg	1542.71	825.883	57.6504	174.016	0.122674
5D0S5FLE.jpg	1421.75	754.628	68.5027	208.718	-0.216866
5D0S5FLE.jpg	465.326	853.583	118.603	342.387	-0.573833
5D0S5FLG.jpg	1540.47	831.428	59.0214	168.73	-0.0472814
5D0S5FLG.jpg	2919.67	849.625	41.7629	116.795	-0.597795
5D0S5FLG.jpg	1425.94	762.43	60.1202	186.886	-0.626313
5D0S5FLH.jpg	3456.04	1229.06	48.5479	141.771	1.14001
5D0S5FLH.jpg	1724.3	464.69	55.5284	174.773	-0.442317
5D0S5FLH.jpg	1807.98	1118.2	54.4109	169.078	-0.63163
5D0S5FLJ.jpg	1541.54	846.334	50.4888	159.615	0.0255482
5D0S5FLJ.jpg	4488.01	1246.16	60.4912	191.522	-0.461973
5D0S5FLJ.jpg	1859.04	1126.48	37.5786	125.104	-0.610741
5D0S5FLK.jpg	3191.4	1200.67	43.4819	129.299	0.196304
5D0S5FLK.jpg	3906.77	1256.8	39.6729	120.219	-0.191724
5D0S5FLK.jpg	4087.13	1145.39	187.656	546.734	-0.475017
5D0S5FLM.jpg	1367.49	743.317	64.6013	206.362	-0.508485
5D0S5FLN.jpg	1540.36	822.584	62.0778	175.604	0.0449007
5D0S5FLO.jpg	2896.45	1209.36	41.8762	121.087	0.540506
5D0S5FLP.jpg	2505.86	640.545	40.855	120.845	-0.522249
5D0S5FLP.jpg	3843.77	1254.29	44.7451	135.601	-0.582789
5D0S5FLQ.jpg	189.836	1247.07	53.5997	155.069	-0.471728
5D0S5FLR.jpg	2624.94	1205.25	40.459	114.539	0.869965
5D0S5FLR.jpg	2600.18	1205.15	37.4783	113.553	-0.362302
5D0S5FLR.jpg	2231.97	592.052	121.485	378.353	-0.495875
5D0S5FLR.jpg	1023.34	296.887	113.075	363.688	-0.611987
5D0S5FLS.jpg	968.629	1087.1	42.2112	141.327	-0.451301
5D0S5FLS.jpg	919.298	1070.41	95.2072	271.836	-0.48907
5D0S5FLS.jpg	1822.75	652.806	119.341	354.567	-0.525669
5D0S5FLT.jpg	1333.94	808.428	53.8864	149.607	-0.480467
5D0S5FLU.jpg	4548.64	246.549	229.543	636.784	-0.570178
5D0S5FLV.jpg	62.9759	510.965	54.8082	152.316	-0.487883
5D0S5FLV.jpg	3278.04	681.134	114.468	375.536	-0.579766
5D0S5FLV.jpg	3523.94	545.771	54.5591	161.471	-0.608727
5D0S5FLW.jpg	1542.54	825.766	54.8735	171.18	0.181594
5D0S5FLW.jpg	1825.46	855.901	54.1149	159.63	-0.118797
5D0S5FLW.jpg	1526.93	738.279	92.7158	267.073	-0.421925
5D0S5FLW.jpg	240.163	830.344	87.5534	275.965	-0.634946
5D0S5FM1.jpg	1419.39	741.104	67.6531	206.23	-0.27628
5D0S5FM1.jpg	1345.95	975.038	91.0461	279.361	-0.502766
5D0S5FM1.jpg	1793.15	697.751	104.825	319.767	-0.520893
5D0S5FM2.jpg	4558.98	585.071	40.9824	115.606	-0.654366
5D0S5FM2.jpg	1361.35	856.412	49.252	134.053	-0.730813
5D0S5FM3.jpg	1529.64	646.013	99.882	322.39	-0.38614
5D0S5FM3.jpg	1387.48	1145.4	57.9681	173.976	-0.452464
5D0S5FM5.jpg	3018.01	972.164	92.9211	286.404	-0.604574
5D0S5FM5.jpg	3248.37	804.446	55.6616	149.798	-0.698143
5D0S5FM7.jpg	1562.94	838.575	48.0167	134.435	-0.0436141
5D0S5FM7.jpg	3084.62	1232.49	53.1252	159.1	-0.294548
5D0S5FM7.jpg	3560.18	1202.37	37.9507	115.312	-0.434429
5D0S5FMB.jpg	1523.98	696.43	92.4983	280.745	-0.570334
5D0S5FMG.jpg	1563.14	830.337	47.5546	137.693	-0.251778
5D0S5FMG.jpg	1363.27	856.95	41.6403	135.786	-0.454071
5D0S5FMH.jpg	4536.67	1166.23	43.3765	127.71	-0.548004
5D0S5FMI.jpg	1545.74	690.127	91.9172	259.273	-0.214866
5D0S5FMI.jpg	2508.94	771.501	103.354	293.446	-0.656437
5D0S5FMK.jpg	2528.29	1212.32	41.5215	119.616	0.701973
5D0S5FMK.jpg	2568.06	1218.52	40.3201	111.797	0.481592
5D0S5FMK.jpg	1545.72	705.971	86.2355	260.78	-0.327414
5D0S5FMK.jpg	57.346	508.011	46.1738	138.673	-0.484594
5D0S5FML.jpg	3546.65	1223.53	38.2048	125.948	0.176335
5D0S5FML.jpg	1545.4	700.048	84.5568	265.131	0.0290609
5D0S5FML.jpg	3516.85	534.91	51.8193	163.019	-0.292935
5D0S5FML.jpg	3467.85	1160.16	58.4563	173.992	-0.320961
5D0S5FML.jpg	2990.04	1054.31	53.073	164.075	-0.371627
5D0S5FMM.jpg	1502.8	731.05	120.433	356.053	-0.456843
5D0S5FMM.jpg	1366.27	742.304	67.2867	206.463	-0.470964
5D0S5FMP.jpg	1521.45	649.885	105.152	320.905	-0.247112
5D0S5FMQ.jpg	1561.51	791.74	54.2842	155.912	-0.289287
5D0S5FMQ.jpg	2367.27	1199.38	40.8208	118.145	-0.485895
5D0S5FMR.jpg	1028.65	931.382	145.68	437.781	-0.630696
5D0S5FMT.jpg	1517.54	648.993	109.491	335.921	-0.437262
5D0S5FMT.jpg	2477.05	771.668	100.073	301.569	-0.483396
5D0S5FMT.jpg	4544.81	593.606	39.6182	117.89	-0.579893
5D0S5FMT.jpg	42.9243	497.224	85.9641	281.641	-0.619264
5D0S5FMU.jpg	4705.82	1092.93	63.9736	175.88	-0.534438
5D0S5FMU.jpg	4411.13	1150.41	44.2256	138.527	-0.596172
5D0S5FMW.jpg	3529.01	553.691	49.3423	155.645	-0.528423
5D0S5FMW.jpg	1258.51	547.364	45.2592	145.633	-0.6449
5D0S5FMX.jpg	1564.74	642.759	46.6047	132.885	-0.0248635
5D0S5FN0.jpg	1542.64	655.518	105.29	317.913	-0.173442
5D0S5FN0.jpg	1322.35	647.595	107.997	329.883	-0.458529
5D0S5FN0.jpg	3527.04	553.634	54.4888	153.954	-0.474031
5D0S5FN3.jpg	1545.38	692.121	86.5604	274.456	-0.0913037
5D0S5FN3.jpg	3768.34	1215.8	40.9175	107.172	-0.316894
5D0S5FN3.jpg	1351.5	836.601	53.4412	152.381	-0.390084
5D0S5FN5.jpg	1549.77	661.064	83.9941	282.924	-0.162327
5D0S5FN5.jpg	3526.53	549.526	54.2961	158.146	-0.243252
5D0S5FN5.jpg	1213.44	1091.08	88.118	277.384	-0.306748
5D0S5FN5.jpg	4227.41	1147.28	192.307	543.726	-0.409987
5D0S5FN6.jpg	1331.14	777.375	51.4132	147.898	-0.320314
5D0S5FN6.jpg	1556.44	757.593	54.8447	174.464	-0.460315
5D0S5FN7.jpg	3684.78	1173.04	44.3396	137.443	-0.118357
5D0S5FN7.jpg	1541.21	649.292	106.119	319.974	-0.313242
5D0S5FN7.jpg	1425.77	658.913	52.632	151.723	-0.363159
5D0S5FN7.jpg	3520.39	1240.29	39.4094	118.218	-0.503522
5D0S5FN7.jpg	322.029	1005.72	48.0383	163.711	-0.579975
5D0S5FN8.jpg	1542.37	633.244	99.5237	312.443	-0.266105
5D0S5FN8.jpg	3167.12	1192.7	38.6382	125.562	-0.439816
5D0S5FN8.jpg	2839.34	1184.75	45.3074	144.512	-0.560517
5D0S5FND.jpg	1361.59	857.638	46.8286	136.444	-0.270976
5D0S5FND.jpg	1335.3	679.631	97.865	306.74	-0.484747
5D0S5FND.jpg	3518.21	535.005	53.6707	163.201	-0.525079
5D0S5FND.jpg	1522.84	607.954	122.659	351.957	-0.554357
5D0S5FND.jpg	22.6483	498.379	99.0581	275.937	-0.594449
5D0S5FNH.jpg	2331.94	881.453	55.1875	164.655	-0.448244
5D0S5FNJ.jpg	3815.34	1191.27	40.5063	122.603	-0.461595
5D0S5FNJ.jpg	2891.24	983.265	85.6272	268.517	-0.609702
5D0S5FNK.jpg	1544.77	574.225	50.298	148.109	-0.235635
5D0S5FNK.jpg	1112.71	1120.35	39.0193	115.392	-0.329272
5D0S5FNO.jpg	1542.52	548.504	62.0634	176.696	0.1186
5D0S5FNQ.jpg	2306.33	890.625	48.6001	139.258	-0.405067
5D0S5FNR.jpg	1555.72	750.559	55.4851	186.577	0.17575
5D0S5FNR.jpg	1396.65	454.154	52.0464	155.669	-0.0129189
5D0S5FNR.jpg	3839.84	604.761	42.405	108.912	-0.459384
5D0S5FNR.jpg	1505.01	663.043	100.697	257.317	-0.478477
5D0S5FNW.jpg	1711.26	825.734	52.6838	153.787	-0.56131
5D0S5FNZ.jpg	1330.87	784.647	50.0251	155.74	-0.30983
5D0S5FNZ.jpg	3798.69	1095.04	40.5889	134.649	-0.556809
5D0S5FNZ.jpg	3843.27	571.015	42.1899	139.351	-0.573349
5D0S5FO1.jpg	3280.32	1212.44	37.7463	111.124	0.502734
5D0S5FO7.jpg	1337.07	1193.27	39.5004	119.945	1.20634
5D0S5FO7.jpg	881.394	1255.63	45.0533	130.251	-0.535033
5D0S5FO9.jpg	746.319	1240.68	37.0131	115.559	-0.181628
5D0S5FO9.jpg	1645.69	672.132	65.5272	204.855	-0.29952
5D0S5FOA.jpg	3171.7	1101.75	46.7788	142.897	-0.508288
5D0S5FOA.jpg	3263.33	830.894	42.6697	129.677	-0.526138
5D0S5FOB.jpg	2660.05	1226.46	76.3718	242.645	-0.442465
5D0S5FOE.jpg	572.243	1123.12	41.4945	139.543	-0.421035
5D0S5FOG.jpg	421.403	1178.75	44.2224	135.299	0.411291
5D0S5FOG.jpg	2982.32	1477.42	93.3381	311.808	-0.50038
5D0S5FOG.jpg	2371.26	1114.05	45.6899	133.848	-0.600295
5D0S5FOJ.jpg	781.05	1175.72	49.752	149.368	-0.0660337
5D0S5FOK.jpg	3386.86	1135.29	37.7253	120.802	-0.574199
5D0S5FOK.jpg	2467.39	912.99	42.322	130.729	-0.584399
5D0S5FOL.jpg	3151.83	551.864	59.3457	175.798	-0.183441
5D0S5FOL.jpg	296.984	655.898	106.556	306.272	-0.52348
5D0S5FOO.jpg	379.181	771.493	52.8184	157.263	0.104405
5D0S5FP3.jpg	982.533	1153.53	41.66	120.077	-0.407965
5D0S5FPA.jpg	4258.51	792.915	49.7026	154.402	-0.45405
5D0S5FPD.jpg	3757.71	700.74	47.8381	132.147	-0.513515
5D0S5FPD.jpg	1751.28	1117.9	40.0852	120.527	-0.54016
5D0S5FPG.jpg	444.305	935.552	115.749	345.179	-0.486762
5D0S5FPG.jpg	1724.4	1110.15	57.6196	175.529	-0.6947
5D0S5FPP.jpg	1656.64	1265.51	92.8818	277.112	0.207428
5D0S5FPX.jpg	2095.83	983.753	46.4951	138.826	-0.229082
5D0S5FQ7.jpg	2490.8	990.515	42.7744	142.349	0.218092
5D0S5FQ8.jpg	3100.64	1087.37	44.1831	142.279	-0.344716
5D0S5FQ8.jpg	2755.74	1065.71	77.4294	194.82	-0.373561
5D0S5FQE.jpg	4659.71	1085.51	40.7983	144.697	-0.124384
5D0S5FQE.jpg	3990.5	1098.98	38.7236	117.82	-0.2956
5D0S5FQF.jpg	262.304	991.745	87.426	276.588	-0.298452
5D0S5FQG.jpg	15.0468	1009.12	69.0971	219.084	-0.132127
5D0S5FQI.jpg	4071.86	994.732	45.7231	134.6	-0.276964
5D0S5FQI.jpg	1753.6	1120.15	44.4026	135.034	-0.461519
5D0S5FQP.jpg	2497.23	1020.14	37.9937	114.997	-0.336122
5D0S5FQQ.jpg	2425.41	1120.34	50.2739	137.828	-0.561344
5D0S5FQR.jpg	2037.52	995.418	76.437	249.986	-0.254145
5D0S5FQV.jpg	3880.89	1188.97	38.373	115.504	-0.00461619
5D0S5FQV.jpg	4095.35	655.139	48.3591	158.438	-0.215723
5D0S5FQV.jpg	3768.73	567.128	90.1162	275.09	-0.450604
5D0S5FQW.jpg	1678.31	1264.04	76.2953	246.336	0.148249
5D0S5FR2.jpg	767.96	1197.33	41.2886	113.699	0.0855433
5D0S5FR2.jpg	3767.83	566.066	90.2854	278.275	-0.272171
5D0S5FR3.jpg	4611.76	641.239	47.2627	137.189	-0.482582
5D0S5FR3.jpg	1380.06	1139.76	74.8518	232.728	-0.483705
5D0S5FR3.jpg	1985.28	1128.51	74.8724	238.71	-0.491093
5D0S5FR6.jpg	4605.66	1203.91	50.791	155.94	0.169933
5D0S5FR6.jpg	2074.01	995.617	95.6504	274.093	-0.438183
5D0S5FR8.jpg	1878.04	1082.37	55.6438	181.753	-0.285307
5D0S5FRA.jpg	3879.93	623.465	38.5168	123.588	-0.315574
5D0S5FRB.jpg	2043.36	992.569	89.1664	293.684	-0.242158
5D0S5FRB.jpg	642.069	1054.57	45.6534	141.147	-0.385797
5D0S5FRC.jpg	4575.08	936.648	78.5376	238.743	-0.436401
5D0S5FRC.jpg	2657.2	1225.85	37.2727	119.521	-0.555384
5D0S5FRF.jpg	4098	659.133	49.0078	155.903	-0.208707
5D0S5FRG.jpg	667.226	1196.7	36.9075	116.315	0.298519
5D0S5FRG.jpg	3456.82	1159.93	38.3977	124.849	-0.43293
5D0S5FRH.jpg	558.063	1031.8	53.8093	165.169	-0.412583
5D0S5FRH.jpg	2225.5	929.617	129.594	355.841	-0.570138
5D0S5FRI.jpg	1352.63	1221.97	37.6742	123.091	0.134545
5D0S5FRI.jpg	2812.24	1284.02	95.9177	297.111	-0.0784218
5D0S5FRI.jpg	2578.57	1027.78	36.8689	114.709	-0.258526
5D0S5FRJ.jpg	4161.55	1202.02	37.2412	122.291	0.0982725
5D0S5FRJ.jpg	2530.67	1035.61	94.9309	267.245	-0.45443
5D0S5FRK.jpg	350.256	1198.42	49.8329	154.127	0.277697
5D0S5FRK.jpg	313.261	953.065	113.406	310.366	-0.435074
5D0S5FRK.jpg	2041.9	1045.65	86.8082	269.316	-0.477679
5D0S5FRK.jpg	2226.06	1146.88	54.0928	170.452	-0.491911
5D0S5FRL.jpg	3758.76	556.126	103.273	302.91	-0.464022
5D0S5FRM.jpg	4097.56	657.163	48.0083	158.573	-0.433689
5D0S5FRM.jpg	2227.04	1101.82	70.5474	207.443	-0.465035
5D0S5FRO.jpg	616.141	1200.23	45.0857	137.068	0.976533
5D0S5FRO.jpg	3766.11	566.251	89.9875	276.179	-0.457246
5D0S5FRP.jpg	2656.94	1110.11	59.6355	173.221	-0.323879
5D0S5FRP.jpg	1473.65	975.407	92.3121	260.606	-0.578211
5D0S5FRQ.jpg	4097.42	654.646	50.4321	158.85	-0.320985
5D0S5FRQ.jpg	1353.69	1225.73	44.6971	137.615	-0.352918
5D0S5FRR.jpg	3182.26	1229.64	56.5117	178.966	-0.452523
5D0S5FRR.jpg	4580.7	1070.33	51.5039	159.312	-0.491872
5D0S5FRR.jpg	436.698	1194.26	49.0735	154.16	-0.522158
5D0S5FRT.jpg	3768.95	566.426	89.1638	275.136	-0.453182
5D0S5FRT.jpg	1370.39	1075.49	60.7401	166.213	-0.586325
5D0S5FRU.jpg	1567.91	1235.52	73.8104	240.278	0.0294872
5D0S5FRU.jpg	3246.09	1239.46	45.6733	141.116	-0.476231
5D0S5FRY.jpg	3768.73	569.426	90.811	272.978	-0.251707
5D0S5FRZ.jpg	327.944	1202.84	61.2892	181.924	0.386856
5D0S5FS4.jpg	2644.43	1014.18	91.1243	263.841	-0.541038
5D0S5FS6.jpg	3114.06	1121.01	47.0955	138.525	-0.479146
5D0S5FSA.jpg	2907.48	1019.01	89.0842	267.483	-0.425724
5D0S5FSB.jpg	2717.29	950.503	120.275	358.876	-0.126023
5D0S5FSB.jpg	3767.44	566.745	90.1367	274.921	-0.355903
5D0S5FSC.jpg	4454.8	1093.32	50.2612	151.474	-0.50705
5D0S5FSC.jpg	1024.09	1121.49	226.504	720.49	-0.548992
5D0S5FSD.jpg	645.292	867.675	92.1284	279.837	-0.357794
5D0S5FSD.jpg	3176.47	1091.33	52.3782	150.875	-0.407288
5D0S5FSD.jpg	2247.76	540.892	143.1	416.729	-0.663358
5D0S5FSH.jpg	4248.16	1019.32	71.3345	211.028	-0.110171
5D0S5FSH.jpg	4353.61	1087.66	45.3213	142.083	-0.362014
5D0S5FSH.jpg	4003.33	1092.42	57.7473	182.406	-0.582795
5D0S5FSO.jpg	4374.54	979.942	96.9272	317.358	-0.283004
5D0S5FST.jpg	111.759	1075.16	73.2803	203.821	-0.589433
5D0S5FSW.jpg	144.851	830.498	114.046	358.948	-0.524588
5D0S5FSX.jpg	3896.21	798.154	46.9185	145.05	-0.52804
5D0S5FSZ.jpg	2445.73	949.304	128.616	352.605	-0.485243
5D0S5FSZ.jpg	2755.76	1120.76	52.2739	158.765	-0.501093
5D0S5FSZ.jpg	2081.03	1106.86	51.2385	166.872	-0.529102
5D0S5FT3.jpg	4606.08	1224.7	46.4858	140.743	-0.38323
5D0S5FT3.jpg	365.568	1008.39	94.6538	271.447	-0.50684
5D0S5FTC.jpg	4613.59	626.204	48.9482	131.019	-0.362035
5D0S5FTC.jpg	2205.19	1155.07	47.2102	130.046	-0.543902
5D0S5FTC.jpg	2152.55	1571.44	107.02	300.368	-0.545309
5D0S5FTG.jpg	597.976	1048.18	45.7908	136.15	-0.438495
5D0S5FTI.jpg	2427.7	1073.6	70.5735	201.71	-0.438869
5D0S5FTQ.jpg	768.94	1125.79	81.7645	231.521	-0.382775
5D0S5FU1.jpg	4606.51	628.023	47.7456	134.31	-0.286527
5D0S5FU1.jpg	2166.06	1111.61	44.3296	123.039	-0.441279
5D0S5FU1.jpg	3710.97	623.328	41.7212	119.108	-0.49711
5D0S5FU3.jpg	4614.31	627.895	46.8521	133.912	-0.172685
5D0S5FU3.jpg	4304.47	1149.42	37.9678	111.136	-0.369103
5D0S5FUA.jpg	129.505	716.245	46.6215	142.144	-0.38073
5D0S5FUA.jpg	4603.68	627.99	49.5703	131.843	-0.472512
5D0S5FUB.jpg	2944.75	1272.79	85.998	273.689	-0.351891
5D0S5FUB.jpg	357.109	633.917	102.942	309.108	-0.45952
5D0S5FUB.jpg	2965.17	1002.68	55.7173	151.886	-0.628993
5D0S5FUC.jpg	4464.81	1149.28	40.9932	119.586	-0.638315
5D0S5FUC.jpg	2451.38	1093.25	73.0325	230.13	-0.654698
5D0S5FUD.jpg	2280.55	1118.91	55.8679	155.198	-0.32686
5D0S5FUD.jpg	2341.28	1085.02	70.8286	208.489	-0.406438
5D0S5FUD.jpg	80.4046	1135.14	67.0018	183.588	-0.512297
5D0S5FUD.jpg	110.555	1202.9	65.0592	181.472	-0.625244
5D0S5FUF.jpg	4623.17	630.49	47.8081	130.223	-0.0992275
5D0S5FUF.jpg	1395.03	1209.8	49.8143	160.57	-0.472611
5D0S5FUG.jpg	1711.9	1217.76	40.5651	118.12	-0.151982
5D0S5FUG.jpg	4604.43	627.848	46.1753	133.707	-0.160319
5D0S5FUG.jpg	3709.73	624.419	43.7756	118.787	-0.496104
5D0S5FUG.jpg	3333.16	1112.22	76.5088	254.48	-0.632208
5D0S5FUJ.jpg	205.063	1130.81	43.4507	135.287	-0.278665
5D0S5FUJ.jpg	994.407	975.997	89.0072	268.408	-0.554933
5D0S5FUJ.jpg	4613.68	626.401	45.79	129.804	-0.571856
5D0S5FUK.jpg	2792.86	555.266	46.5901	129.5	-0.361903
5D0S5FUL.jpg	3440.33	858.175	43.0605	124.972	-0.330048
5D0S5FUL.jpg	3592.55	1055.34	58.2603	175.753	-0.53685
5D0S5FUN.jpg	3939.44	925.934	159.181	475.767	-0.469295
5D0S5FUN.jpg	3464.22	1104.25	40.2493	120.074	-0.610651
5D0S5FUO.jpg	1443.29	1224.64	42.2469	143.956	-0.491847
5D0S5FUS.jpg	1631.82	1063.67	89.9045	285.055	-0.37318
5D0S5FUS.jpg	4616.46	1348.93	90.0386	263.678	-0.45162
5D0S5FUS.jpg	1107.14	974.183	90.8795	279.089	-0.568332
5D0S5FUT.jpg	3991.21	931.682	166.996	485.122	-0.297064
5D0S5FUU.jpg	3427.15	1104.59	47.52	139.231	-0.554243
5D0S5FUU.jpg	1682.46	1137.55	59.1877	184.794	-0.634019
5D0S5FUW.jpg	1118.53	1066.23	56.1713	178.929	-0.4628
5D0S5FUZ.jpg	167.268	1201.64	43.1643	117.502	-0.497323
5D0S5FUZ.jpg	2022.04	503.899	333.433	968.287	-0.507319
5D0S5FUZ.jpg	1477.82	1202.52	53.0946	157.042	-0.52163
5D0S5FV3.jpg	1624.66	1199.18	39.8813	121.087	-0.526356
5D0S5FV4.jpg	4235.99	988.973	45.4653	141.897	-0.315822
5D0S5FV5.jpg	1141.61	1035.68	66.3596	207	-0.4819
5D0S5FV5.jpg	1315.17	1097.05	45.1105	133.265	-0.488833
5D0S5FV5.jpg	1114.25	1120.5	44.6554	135.908	-0.612736
5D0S5FV7.jpg	4147.71	702.725	61.4712	181.303	-0.182616
5D0S5FV7.jpg	1409.34	1149.19	38.4165	110.257	-0.289654
5D0S5FV7.jpg	4466.22	961.133	54.4331	156.04	-0.531423
5D0S5FV7.jpg	535.256	1116.02	58.9539	182.594	-0.540871
5D0S5FVB.jpg	4536.21	1119.38	38.7866	121.822	-0.258056
5D0S5FVB.jpg	4166.3	1039.66	77.5503	251.781	-0.548665
5D0S5FVB.jpg	706.99	946.452	144.33	503.031	-0.63241
5D0S5FVC.jpg	681.274	640.263	214.349	621.012	-0.40108
5D0S5FVC.jpg	580.627	651.351	147.655	415.066	-0.416562
5D0S5FVC.jpg	2400.48	1028.63	120.018	390.219	-0.493441
5D0S5FVC.jpg	581.716	349.361	223.555	633.985	-0.588724
5D0S5FVF.jpg	1451.94	1095.5	62.1382	181.094	-0.396507
5D0S5FVF.jpg	362.01	1146.01	102.661	294.77	-0.435245
5D0S5FVG.jpg	2046.95	1073.8	118.272	364.716	-0.44513
5D0S5FVG.jpg	551.491	1094.31	45.0319	139.229	-0.499982
5D0S5FVG.jpg	3482.91	1103.72	45.5447	136.975	-0.519519
5D0S5FVI.jpg	111.343	1104.77	79.7158	235.1	-0.222877
5D0S5FVI.jpg	105.183	444.162	157.794	482.953	-0.259835
5D0S5FVI.jpg	1057.98	1132.23	47.7301	138.524	-0.487877
5D0S5FVJ.jpg	1747.77	1089.31	92.2347	272.436	-0.268239
5D0S5FVJ.jpg	4404.8	1134.08	55.4541	169.3	-0.392957
5D0S5FVJ.jpg	1119.77	1071.8	55.4542	176.719	-0.59689
5D0S5FW5.jpg	303.434	934.948	61.5943	174.545	-0.30418
5D0S5FW5.jpg	1710.67	1122.47	42.3105	134.877	-0.411862
5D0S5FW5.jpg	1729.17	1068.06	96.0525	290.425	-0.462537
5D0S5FW5.jpg	3898.28	804.004	48.0413	159.39	-0.511133
5D0S5FXM.jpg	1607.58	636.703	49.9183	162.036	0.0481876
5D0S5FXY.jpg	1810.5	1235.1	74.0347	225.713	-0.102534
5D0S5FXY.jpg	1774.98	1301.71	51.9263	157.209	-0.182458
5D0S5FXY.jpg	1768.66	1199.35	75.7452	233.707	-0.320198
5D0S5FY2.jpg	94.2577	571.986	50.1719	160.097	-0.228737
5D0S5FY5.jpg	2160.43	1213.81	45.4189	144.108	0.980392
5D0S5FY5.jpg	2196.73	1220.13	45.9292	143.993	-0.256184
5D0S5FY5.jpg	1515.82	867.064	49.0889	134.839	-0.269608
5D0S5FY5.jpg	2147.11	955.308	133.401	411.391	-0.441894
5D0S5FY5.jpg	4456.36	1031.05	67.7866	210.753	-0.667235
5D0S5FY6.jpg	4000.32	1011.6	42.6084	120.511	-0.247429
5D0S5FY6.jpg	3873.33	979.525	69.3418	207.371	-0.493062
5D0S5FY6.jpg	3226.26	514.681	45.812	135.627	-0.620176
5D0S5FYB.jpg	82.9098	543.958	46.7876	133.896	-0.610918
5D0S5FYF.jpg	561.275	1211.98	39.1784	111.267	1.18375
5D0S5FYF.jpg	2216.51	1198.32	38.3823	109.688	0.5385
5D0S5FYF.jpg	602.48	1210.58	37.6584	113.346	0.362829
5D0S5FYG.jpg	3229.65	508.257	42.7166	134.782	-0.433249
5D0S5FYG.jpg	2522.2	1134.56	51.3538	151.575	-0.472255
5D0S5FYK.jpg	3210.5	555.444	39.1973	116.214	-0.349769
5D0S5FYM.jpg	523.54	704.646	45.2079	133.001	-0.267636
5D0S5FYM.jpg	84.1145	586.315	43.5336	140.076	-0.56953
5D0S5FYN.jpg	2924.53	1100.62	45.6514	136.204	-0.485424
5D0S5FYR.jpg	85.5371	571.756	53.7934	159.133	-0.318
5D0S5FYY.jpg	3228.61	507.855	42.6919	137.367	-0.452778
5D0S5FYY.jpg	3502.25	1025.51	53.9863	155.234	-0.511762
5D0S5FZ7.jpg	4269.57	1268.15	82.6538	237.879	-0.104728
5D0S5FZ7.jpg	631.407	703.403	61.9587	187.555	-0.513028
5D0S5FZB.jpg	4032.49	1079.05	56.0303	187.833	0.223515
5D0S5FZD.jpg	2146.26	753.793	37.2236	116.729	-0.392435
5D0S5FZD.jpg	1339.2	682.091	96.4385	276.907	-0.472638
5D0S5FZG.jpg	2278.79	1090.73	44.0608	139.703	-0.413299
5D0S5FZG.jpg	419.886	1056.55	50.0121	139.783	-0.413888
5D0S5FZG.jpg	3830.06	1137.74	52.2141	166.378	-0.416991
5D0S5FZG.jpg	4656.97	1139.08	35.4331	116.148	-0.467908
5D0S5FZG.jpg	2144	1555.16	79.6882	241.837	-0.623072
5D0S5FZH.jpg	3774.19	328.007	162.187	463.533	-0.289761
5D0S5FZH.jpg	3876.08	1308.27	98.1521	273.729	-0.455615
5D0S5FZN.jpg	1176.96	1067.5	60.3502	177.716	-0.300027
5D0S5FZO.jpg	2649.19	1073	57.135	166.49	-0.312932
5D0S5FZO.jpg	683.93	1139.37	68.3707	208.914	-0.474549
5D0S5FZT.jpg	220.874	923.183	91.0566	278.424	-0.705999
5D0S5FZV.jpg	2154.84	756.842	37.7468	111.13	-0.53195
5D0S5FZZ.jpg	2144.95	753.611	37.9866	118.493	-0.548435
5D0S5G03.jpg	4386.98	1113.98	37.5298	113.782	-0.391204
5D0S5G03.jpg	4696.15	1115.61	41.1206	115.653	-0.561821
5D0S5G05.jpg	996.9	1255.08	150.081	400.707	0.491873
5D0S5G05.jpg	1073.83	1605.75	44.2566	129.731	-0.376432
5D0S5G07.jpg	2832.55	951.538	122.503	349.865	0.268641
5D0S5G07.jpg	1702.7	844.596	202.745	632.048	-0.028955
5D0S5G09.jpg	3897.82	953.747	120.141	348.623	-0.25173
5D0S5G0J.jpg	236.443	1233.53	65.7599	206.096	-0.104059
5D0S5G0J.jpg	776.133	1417.87	38.4234	121.825	-0.242376
5D0S5G0J.jpg	201.744	1305.34	47.6992	137.627	-0.448874
5D0S5G0J.jpg	1070.19	1230.57	75.7362	244.474	-0.45017
5D0S5G0J.jpg	2146.1	655.918	36.6436	120.856	-0.462734
5D0S5G0N.jpg	3803.88	1115.11	61.1489	187.571	-0.143066
5D0S5G0O.jpg	3021.24	1230.99	50.6716	158.838	0.13825
5D0S5G0O.jpg	1369.06	891.218	108.762	323.358	-0.46051
5D0S5G0O.jpg	2922.81	1198.77	72.1448	200.346	-0.480907
5D0S5G0O.jpg	3519.34	1097.75	43.0232	135.622	-0.572127
5D0S5G0S.jpg	2985.85	1114.91	39.7698	118.255	-0.133133
5D0S5G0S.jpg	3144.98	1094.84	75.0159	225.33	-0.572564
5D0S5G0V.jpg	2572.79	1034.57	88.1294	275.435	0.16552
5D0S5G0V.jpg	1965.95	1017.45	95.222	324.37	0.0385946
5D0S5G0V.jpg	3593.69	1189.65	37.3784	112.334	-0.627804
5D0S5G0W.jpg	4318.44	1077.18	55.6479	193.398	-0.279723
5D0S5G0W.jpg	4718.82	1074.84	70.5527	204.609	-0.43002
5D0S5G0W.jpg	3940.97	1065.98	68.5247	201.332	-0.549236
5D0S5G17.jpg	1434.13	1018.04	69.9624	212.408	-0.0317431
5D0S5G17.jpg	1854.62	964.113	65.6284	173.752	-0.330107
5D0S5G1J.jpg	1479.51	928.943	103.237	320.211	-0.182044
5D0S5G1J.jpg	1665.07	604.857	75.819	223.738	-0.297836
5D0S5G1J.jpg	3845.69	997.638	102.295	327.45	-0.473025
5D0S5G1J.jpg	1175.67	986.191	71.7875	249.747	-0.510743
5D0S5G25.jpg	3357.93	1063.51	58.7273	194.378	-0.0541538
5D0S5G26.jpg	788.116	509.123	96.1744	260.772	-0.264209
5D0S5G26.jpg	735.28	532.72	115.873	364.673	-0.376661
5D0S5G26.jpg	4130.14	1106.41	36.0811	120.272	-0.491247
5D0S5G26.jpg	572.174	1141.19	41.0685	136.474	-0.575019
5D0S5G29.jpg	4096.72	991.889	90.6274	282.989	-0.512054
5D0S5G29.jpg	139.363	923.514	136.088	410.227	-0.539921
5D0S5G29.jpg	4223.06	1220.94	40.4604	124.76	-0.61077
5D0S5G2B.jpg	3355.61	1211.11	56.832	157.267	0.333261
5D0S5G2B.jpg	3530.63	1232.88	58.179	188.303	0.0160841
5D0S5G2B.jpg	3316.36	1192.75	105.709	311.299	-0.222411
5D0S5G2B.jpg	715.039	1011.27	81.1877	238.178	-0.295583
5D0S5G2B.jpg	457.378	822.121	47.5384	135.556	-0.441618
5D0S5G2B.jpg	3683.28	1137.97	48.3269	139.837	-0.476985
5D0S5G2B.jpg	738.301	1321.04	49.77	157.656	-0.538395
5D0S5G2B.jpg	1324.72	1015.55	57.4186	188.527	-0.647286
5D0S5G2D.jpg	1526.08	619.161	100.716	321.75	-0.209315
5D0S5G2D.jpg	2527.8	1113.98	44.6958	135.179	-0.387983
5D0S5G2D.jpg	4535.97	599.644	98.1577	303.247	-0.543567
5D0S5G2F.jpg	2535.94	1102.33	43.4573	137.566	-0.376322
5D0S5G2F.jpg	2850.41	1167.07	39.6914	119.776	-0.435328
5D0S5G2F.jpg	3653.95	1085.2	55.4553	167.078	-0.476776
5D0S5G2K.jpg	2509.46	1107.83	47.3425	129.689	-0.461078
5D0S5G2K.jpg	3490.6	1065.55	72.6824	188.751	-0.492109
5D0S5G2X.jpg	789.653	510.191	92.0547	260.541	-0.422869
5D0S5G30.jpg	736.905	533.693	111.572	362.569	-0.195143
5D0S5G30.jpg	347.095	1035.96	70.6386	210.021	-0.437332
5D0S5G30.jpg	2293.26	975.182	95.3542	273.546	-0.594168
5D0S5G3G.jpg	2341.66	1182.01	69.1216	200.782	-0.504638
5D0S5G3M.jpg	785.28	513.028	95.0422	265.538	-0.317114
5D0S5G3M.jpg	754.981	615.467	93.7261	289.444	-0.407852
5D0S5G3M.jpg	1083.93	843.951	220.114	651.259	-0.701585
5D0S5G3S.jpg	764.794	592.879	100.007	313.825	-0.422294
5D0S5G3S.jpg	3507.87	1613.74	48.7754	161.273	-0.458312
5D0S5G3U.jpg	4173.72	1065.87	56.8569	187.094	-0.549006
5D0S5G4V.jpg	2482.68	1108.77	42.4714	138.465	-0.386139
5D0S5G4V.jpg	930.851	1152.8	45.9612	134.108	-0.409925
5D0S5G4V.jpg	1213.87	605.279	55.5509	149.039	-0.50595
5D0S5G4V.jpg	4591.57	1047.3	64.4053	178.616	-0.561036
5D0S5G51.jpg	3694.09	432.783	65.325	203.702	-0.271516
5D0S5G51.jpg	4023.24	1006.63	96.8547	281.747	-0.377429
5D0S5G51.jpg	3728.5	1021.32	75.072	241.539	-0.479813
5D0S5G51.jpg	2132.98	970.697	109.044	321.801	-0.491757
5D0S5G5G.jpg	4210.54	1106.35	78.0835	230.079	-0.401512
5D0S5G5G.jpg	1458.02	1090.47	51.9907	152.198	-0.474635
5D0S5G5G.jpg	2369.52	692.468	47.9502	135.666	-0.573559
5D0S5G5L.jpg	3965.46	1040.04	85.9114	249.126	-0.385702
5D0S5G5L.jpg	4692.63	1123.94	60.0176	195.726	-0.460567
5D0S5G5L.jpg	3842.35	1120.43	36.4331	106.892	-0.5021
5D0S5G5L.jpg	97.1873	1039.67	79.7855	243.819	-0.580574
5D0S5G5L.jpg	4503.32	1036.42	90.5024	274.734	-0.622849
5D0S5G5P.jpg	725.823	1104.3	39.6252	116.223	-0.123247
5D0S5G6E.jpg	3168.65	1221.73	38.4355	127.925	-0.352697
5D0S5G6I.jpg	333.685	1290.86	79.8921	242.954	0.186276
5D0S5G6I.jpg	336.839	1055.47	79.1491	244.05	-0.110267
5D0S5G6I.jpg	1720.95	1141.07	37.5758	126.826	-0.558614
5D0S5G6J.jpg	1987.45	1172.74	76.9088	233.382	-0.197197
5D0S5G6J.jpg	3733.09	406.518	65.5366	206.166	-0.63191
5D0S5G6R.jpg	3299.72	1077.39	45.6763	138.966	-0.085736
5D0S5G6R.jpg	1265.05	1139.86	38.7454	116.349	-0.540717
5D0S5G6R.jpg	3712.44	1103.88	92.3076	282.12	-0.72333
5D0S5G6T.jpg	2049.52	781.952	46.8704	141.977	-0.145165
5D0S5G6T.jpg	2421.65	1064.6	70.1248	206.54	-0.25324
5D0S5G6Z.jpg	4467.26	705.305	46.7524	139.143	-0.54832
5D0S5G70.jpg	888.81	614.886	40.9923	123.402	-0.276941
5D0S5G70.jpg	445.437	1231.57	76.2117	255.99	-0.318044
5D0S5G73.jpg	291.661	1131.41	49.3499	144.025	-0.152307
5D0S5G73.jpg	1697.12	775.323	174.803	545.895	-0.443066
5D0S5G73.jpg	2951.24	1041.26	77.6006	239.873	-0.4641
5D0S5G75.jpg	3239.98	1200.57	39.043	116.948	-0.351833
5D0S5G75.jpg	307.757	1005.41	74.7571	247.566	-0.401672
5D0S5G75.jpg	2882.39	1078.81	51.6799	158.131	-0.435294
5D0S5G75.jpg	4604.62	1101.06	44.3364	139.862	-0.458969
5D0S5G77.jpg	2406.75	1086.14	47.4451	136.206	-0.413558
5D0S5G77.jpg	4244.98	1084.84	101.906	301.544	-0.503003
5D0S5G7D.jpg	3743.31	1214.52	39.3237	124.725	0.226694
5D0S5G7F.jpg	3961.5	1095.41	46.7405	134.369	-0.444196
5D0S5G7F.jpg	1504.01	955.167	95.7574	316.807	-0.521879
5D0S5G7F.jpg	595.543	1078.28	75.383	230.893	-0.613515
5D0S5G7F.jpg	4069.97	985.679	63.7898	177.132	-0.662556
5D0S5G7I.jpg	3770.44	1227.5	38.2373	121.718	-0.0435251
5D0S5G7I.jpg	2682.33	1072.01	59.2234	179.578	-0.445907
5D0S5G7I.jpg	1257.82	559.258	47.1838	120.185	-0.51658
5D0S5G7I.jpg	1936.91	953.599	110.917	315.918	-0.531467
5D0S5G7I.jpg	1503.67	1090.67	65.1083	180.472	-0.54306
5D0S5G7O.jpg	3687.07	462.514	61.5896	179.228	-0.49771
5D0S5G87.jpg	2545.75	1132.72	45.542	133.005	-0.556758
5D0S5G87.jpg	813.192	1108.02	53.5369	159.137	-0.586785
5D0S5G87.jpg	2378.99	1233.01	47.5564	134.094	-0.625981
5D0S5G88.jpg	1558.44	897.614	119.261	363.921	-0.546078
5D0S5G8C.jpg	3952.11	1227.32	71.6365	212.416	0.615108
5D0S5G8C.jpg	3736.87	1218.65	37.4702	119.468	-0.288661
5D0S5G8C.jpg	213.805	974.851	99.5833	325.383	-0.427791
5D0S5G8C.jpg	1225.2	1103.48	39.4386	119.406	-0.573438
5D0S5G8I.jpg	1313.71	1017.18	80.3448	228.566	-0.0926008
5D0S5G8I.jpg	1015.5	1043.29	72.9493	211.169	-0.546904
5D0S5G8J.jpg	1865.82	912.68	131.832	411.887	-0.171383
5D0S5G8J.jpg	1505.75	1105.65	47.0029	132.248	-0.406583
5D0S5G8J.jpg	3885.38	1011.41	80.6682	228.465	-0.520173
5D0S5G8L.jpg	3928.6	965.109	167.515	485.555	-0.21307
5D0S5G8N.jpg	447.22	1250.25	96.7707	313.576	0.0627392
5D0S5G8N.jpg	2022.17	1140.94	42.3845	135.154	-0.384041
5D0S5G8Q.jpg	2077.6	992.79	78.2554	227.586	-0.182208
5D0S5G8Q.jpg	3490.4	1086.21	37.9275	124.876	-0.319919
5D0S5G8Q.jpg	2066.93	946.312	116.938	392.273	-0.407061
5D0S5G8W.jpg	4530.58	1081.54	46.7446	145.523	-0.510202
5D0S5G8W.jpg	2009.21	1230.12	49.1097	140.604	-0.518041
5D0S5G8W.jpg	3862.33	689.459	55.1702	155.909	-0.581951
5D0S5G92.jpg	873.778	1235.86	36.6458	121.45	0.181208
5D0S5G92.jpg	2648.26	1237.28	40.927	108.73	-0.216888
5D0S5G92.jpg	526.878	654.912	41.2684	119.645	-0.411756
5D0S5G92.jpg	2022.72	991.121	88.5131	279.672	-0.452543
5D0S5G92.jpg	3680.22	761.456	40.9895	121.38	-0.499087
5D0S5G94.jpg	3953.54	1236.17	58.3518	194.81	-0.272926
5D0S5G94.jpg	928.05	851.254	40.7764	119.606	-0.60294
5D0S5G95.jpg	756.628	1248	69.4934	240.862	-0.324406
5D0S5G95.jpg	2593.9	481.17	93.4153	264.517	-0.485534
5D0S5G96.jpg	445.157	1121.66	41.6934	134.074	-0.493488
5D0S5G98.jpg	3396.89	1080.76	59.7788	178	-0.0274228
5D0S5G98.jpg	1766.91	482.239	43.2482	129.955	-0.444535
5D0S5G9E.jpg	123.478	1043.23	58.003	177.229	-0.511661
5D0S5G9E.jpg	1753.64	1104.55	69.4205	213.01	-0.584877
5D0S5G9H.jpg	2720.07	1029.85	90.7266	277.551	-0.324194
5D0S5G9L.jpg	919.962	807.493	39.9052	116.192	-0.250497
5D0S5G9L.jpg	1363.06	674.906	42.1495	135.818	-0.440704
5D0S5G9L.jpg	4419.9	1060.38	64.4443	208.899	-0.443865
5D0S5G9L.jpg	3079.83	1082.92	38.7495	117.652	-0.460634
5D0S5G9Z.jpg	4165.56	1271.5	101.399	317.148	-0.313916
5D0S5G9Z.jpg	1725.97	1152.08	46.3594	152.536	-0.37228
5D0S5GA2.jpg	1217.95	624.109	37.7008	116.79	-0.513576
5D0S5GA3.jpg	1856.53	1232.35	41.6882	117.63	-0.421848
5D0S5GA3.jpg	1967.42	1228.68	46.7228	137.489	-0.627562
5D0S5GA5.jpg	1224.37	615.773	39.9	117.931	-0.569092
5D0S5GA6.jpg	1627.88	992.401	99.3787	308.015	-0.471959
5D0S5GA7.jpg	3706.3	731.445	39.9197	119.971	-0.578643
5D0S5HAQ.jpg	1555.48	651.014	49.3545	151.485	-0.397807
5D0S5HAU.jpg	3630.42	525.287	45.8728	137.479	-0.0957117
5D0S5HAU.jpg	3081.34	1160.33	53.9395	160.258	-0.350505
5D0S5HAU.jpg	4344.28	544.536	39.3271	112.007	-0.353405
5D0S5HAU.jpg	127.218	1163	39.5048	112.57	-0.473655
5D0S5HAU.jpg	92.233	1017.34	81.8626	265.661	-0.629963
5D0S5HAY.jpg	3639.35	518.018	47.104	141.1	-0.378455
5D0S5HBQ.jpg	12.8712	1103.6	39.8088	135.927	-0.500644
5D0S5HBQ.jpg	1456.88	636.273	49.3765	161.655	-0.534021
5D0S5HC5.jpg	4609.62	1126.85	40.7505	117.56	-0.243736
5D0S5HC5.jpg	657.794	455.509	289.367	973.489	-0.30966
5D0S5HC5.jpg	4647.73	1110.94	38.0098	123.35	-0.385611
5D0S5HC5.jpg	3649.01	516.125	45.7222	137.382	-0.409479
5D0S5HC5.jpg	4742.9	1104.26	43.9878	121.506	-0.486742
5D0S5HC6.jpg	4580.14	1084	44.6152	138.553	-0.427404
5D0S5HC6.jpg	4146.93	1194.46	36.4888	118.692	-0.545684
5D0S5HC8.jpg	819.898	1167.22	45.8885	130.977	-0.195567
5D0S5HC8.jpg	1397.01	1168.31	45.5742	131.295	-0.327117
5D0S5HC8.jpg	415.108	1142.86	62.0735	179.824	-0.493554
5D0S5HCC.jpg	1159.98	1181.69	46.6897	133.967	-0.367826
5D0S5HCC.jpg	242.768	1158.71	43.0516	135.533	-0.372052
5D0S5HCC.jpg	623.374	1169.89	40.2111	119.455	-0.49178
5D0S5HCH.jpg	2742.26	1128.86	54.207	178.056	-0.0992306
5D0S5HCH.jpg	1553.7	699.992	47.9607	133.274	-0.656834
5D0S5HCQ.jpg	177.827	1208.58	34.7839	118.893	-0.549364
5D0S5HCT.jpg	3120.53	1057.73	149.348	439.78	-0.449256
5D0S5HCW.jpg	1694.16	1108.55	40.2539	143.876	-0.567944
5D0S5HCW.jpg	4208.96	569.569	39.8257	112.084	-0.663742
5D0S5HCX.jpg	3121.6	766.487	39.4763	123.273	-0.518416
5D0S5HLW.jpg	2448.45	1213.69	52.6885	154.269	-0.382919
5D0S5HLW.jpg	1081.41	1012.78	95.272	284.026	-0.468946
5D0S5HLW.jpg	1184.21	1054.78	71.8242	211.79	-0.580142
5D0S5HM0.jpg	4668.87	1283.04	52.5439	171.431	-0.242825
5D0S5HM0.jpg	2848.29	1104.24	43.822	117.764	-0.512982
5D0S5HM3.jpg	1128.23	1287.61	54.0071	156.389	0.372018
5D0S5HM3.jpg	1841.79	1264.02	78.1429	236.548	-0.171518
5D0S5HM3.jpg	4391.65	1131.56	41.5825	110.842	-0.328416
5D0S5HM3.jpg	313.151	1140.81	45.7869	134.126	-0.47891
5D0S5HM3.jpg	1402.37	1117.19	36.5115	126.006	-0.648464
5D0S5HM4.jpg	2730.43	1226.34	46.062	132.212	-0.103232
5D0S5HM4.jpg	1485.51	1072.41	93.8219	276.019	-0.176786
5D0S5HM4.jpg	2878.07	1227.19	40.1633	128.046	-0.36196
5D0S5HM4.jpg	515.081	1103.86	48.149	142.603	-0.49686
5D0S5HM4.jpg	4234.5	1121.46	49.4375	140.8	-0.513461
5D0S5HM4.jpg	1422.56	955.159	102.811	272.37	-0.543723
5D0S5HM4.jpg	4172.68	1079.53	60.4229	181.505	-0.557119
5D0S5HM6.jpg	697.132	1084.61	70.1233	214.464	-0.274495
5D0S5HM6.jpg	252.516	1120.22	53.824	157.788	-0.368699
5D0S5HM6.jpg	314.027	1239.33	37.0937	121.454	-0.545657
5D0S5HM6.jpg	3421.04	987.079	102.523	325.787	-0.583451
5D0S5HM8.jpg	3637.68	1099.94	58.5029	166.834	0.118716
5D0S5HM8.jpg	4289.33	1059.7	76.7407	233.936	-0.384586
5D0S5HM8.jpg	1168.82	1368.42	47.6387	139.718	-0.470341
5D0S5HM8.jpg	1096.1	1126.51	40.568	120.45	-0.518066
5D0S5HM8.jpg	974.004	1398.67	40.4481	119.596	-0.524242
5D0S5HM8.jpg	3833.74	1118.95	43.061	125.513	-0.549538
5D0S5HM8.jpg	3805.63	1112.52	42.7339	120.432	-0.573266
5D0S5HMQ.jpg	1048.04	1534.41	47.1361	138.276	-0.040112
5D0S5HMQ.jpg	1044.3	1443.12	71.6462	232.577	-0.244413
5D0S5HMQ.jpg	4320.73	1190.42	47.9048	136.777	-0.423935
5D0S5HMQ.jpg	2548.94	985.535	114.034	326.5	-0.435317
5D0S5HMZ.jpg	2736.63	1209.68	39.0369	118.568	-0.216188
5D0S5HMZ.jpg	2608.88	1075.51	73.864	237.733	-0.47497
5D0S5HMZ.jpg	1563.03	963.878	93.736	270.971	-0.633082
5D0S5HN2.jpg	2772.81	1223.94	71.646	221.533	0.152751
5D0S5HN2.jpg	1226.6	1131.16	51.8004	155.155	-0.227696
5D0S5HN2.jpg	837.469	837.834	226.294	640.085	-0.330526
5D0S5HN2.jpg	3328.66	1043.17	84.0144	242.503	-0.451512
5D0S5HN2.jpg	3524.13	1060.16	72.9619	238.688	-0.470836
5D0S5HN5.jpg	202.564	1132.45	47.5482	157.642	-0.425868
5D0S5HN5.jpg	4141.29	1155.23	80.3003	239.862	-0.491944
5D0S5HN5.jpg	3359.66	1198.53	77.8196	245.745	-0.502085
5D0S5HN5.jpg	2175.39	994.729	84.4158	270.555	-0.581331
5D0S5HN8.jpg	1741.25	1305.88	41.3795	135.356	0.0918546
5D0S5HN8.jpg	3582.2	1352.78	96.5515	289.684	-0.0154173
5D0S5HN8.jpg	1217.54	1308.83	84.957	277.787	-0.152307
5D0S5HN8.jpg	4119.49	750.978	90.8545	279.093	-0.263514
5D0S5HN8.jpg	667.124	1261.35	72.901	202.839	-0.267551
5D0S5HN8.jpg	1682.3	1269.55	45.3695	139.322	-0.492619
5D0S5HN8.jpg	276.984	1190.98	52.8456	167.887	-0.502199
5D0S5HN8.jpg	2241.11	1233.67	39.4988	121.657	-0.505255
5D0S5HN8.jpg	3467.53	1273.17	38.5093	123.806	-0.513061
5D0S5HN8.jpg	638.66	986.578	162.508	499.246	-0.545201
5D0S5HN8.jpg	782.847	1092.79	107.661	315.532	-0.552188
5D0S5HN9.jpg	3702.72	1147.03	41.668	116.183	-0.525586
5D0S5HN9.jpg	2600.15	1129.26	38.8008	114.428	-0.59576
5D0S5HNI.jpg	3955.11	1186.43	87.0989	265.427	-0.337586
5D0S5HNL.jpg	540.318	1354.17	117.251	289.81	0.0994704
5D0S5HNL.jpg	145.593	1371.26	36.9745	116.273	-0.203564
5D0S5HNL.jpg	3400.88	1170.86	39.2788	117.656	-0.329562
5D0S5HNP.jpg	1184.83	1419.21	39.8291	113.84	-0.372137
5D0S5HNP.jpg	2176.73	1062.87	49.9302	169.421	-0.429655
5D0S5HNP.jpg	1608.59	1280.22	38.6791	120.768	-0.456163
5D0S5HNP.jpg	3243.53	1174.13	38.385	125.265	-0.544826
5D0S5HNS.jpg	3463.56	1176.16	38.8186	113.021	-0.0603671
5D0S5HNS.jpg	2095.97	1502.1	39.0798	121.359	-0.213316
5D0S5HNS.jpg	2011.59	1284.69	34.2086	114.086	-0.261186
5D0S5HNS.jpg	1871.56	1303.69	52.1356	160.263	-0.312874
5D0S5HNS.jpg	2538.09	1451.62	35.2927	116.573	-0.334435
5D0S5HNS.jpg	3537.57	1078.96	63.2712	190.992	-0.384557
5D0S5HNS.jpg	336.552	874.059	78.7277	261.162	-0.545192
5D0S5HNS.jpg	2400.18	1391.67	48.0679	170.008	-0.572978
5D0S5HNS.jpg	934.144	1062.31	62.6531	207.389	-0.582399
5D0S5HNS.jpg	1242.16	1127.69	38.7832	123.425	-0.631573
5D0S5HNS.jpg	531.936	844.183	167.04	483.689	-0.637921
5D0S5HNU.jpg	2955.17	1213.42	34.323	115.553	-0.630331
5D0S5HNW.jpg	4218.67	948.752	109.917	312.666	-0.439848
5D0S5HNW.jpg	4661.25	1357.96	42.3218	130.268	-0.450813
5D0S5HNW.jpg	3906.68	1118.01	52.7993	160.295	-0.467294
5D0S5HNX.jpg	948.832	1122.91	52.1964	153.511	-0.158981
5D0S5HNX.jpg	3288.17	1127.5	40.8528	124.577	-0.331961
5D0S5HNX.jpg	2143.72	1194.51	48.9053	154.5	-0.415653
5D0S5HNX.jpg	3952.93	1081.37	98.9329	306.507	-0.459511
5D0S5HNX.jpg	2065.92	1006.81	81.4221	237.231	-0.515677
5D0S5HNX.jpg	2292.21	1144.55	60.3894	169.804	-0.573763
5D0S5HNX.jpg	1173.92	1095.3	43.6876	140.67	-0.579657
5D0S5HNX.jpg	3015.72	1031.87	116.375	334.863	-0.686606
5D0S5HO2.jpg	3049.57	1233.74	55.0781	157.569	-0.0667338
5D0S5HO2.jpg	3200.68	1224.48	41.8955	132.599	-0.193872
5D0S5HO2.jpg	1673.48	1176.13	46.4022	132.707	-0.300819
5D0S5HO2.jpg	3184.91	1117.08	79.0103	245.644	-0.335815
5D0S5HO2.jpg	2113.66	1195.8	52.667	173.713	-0.339689
5D0S5HO2.jpg	3102.71	1076.82	64.1643	184.314	-0.40846
5D0S5HO2.jpg	4278.42	1130.62	42.6792	115.842	-0.452187
5D0S5HO2.jpg	3399.61	947.69	38.2905	129.342	-0.507086
5D0S5HO2.jpg	1800.52	1218.49	36.5089	116.521	-0.512233
5D0S5HO2.jpg	1203.62	1136.71	37.1443	116.978	-0.548631
5D0S5HO2.jpg	2839.69	597.625	135.302	425.12	-0.680561
5D0S5HOD.jpg	3341.33	1225.93	42.2073	120.223	2.32126
5D0S5HOD.jpg	2588.83	1387.41	50.8245	141.221	0.0243005
5D0S5HOD.jpg	3329.95	1179.71	71.085	187.13	0.00461627
5D0S5HOD.jpg	1068.25	1103.23	47.7939	152.751	-0.284063
5D0S5HOD.jpg	1967.22	1401.62	48.5203	161.192	-0.390735
5D0S5HOD.jpg	3313.16	952.85	134.847	423.343	-0.478278
5D0S5HOD.jpg	1152.28	1164.45	39.0688	128.97	-0.538019
5D0S5HOD.jpg	2350.91	1282.83	76.4731	247.671	-0.601052
5D0S5HOG.jpg	4626.82	901.536	118.372	378.301	-0.288296
5D0S5HOG.jpg	3057.45	1159.22	40.0085	119.769	-0.540842
5D0S5HOG.jpg	1406.04	774.084	47.0717	133.465	-0.612142
5D0S5HP1.jpg	4060.45	1154.25	86.5417	241.636	-0.218603
5D0S5HP1.jpg	3934.74	1096.02	86.2012	232.752	-0.231911
5D0S5HP1.jpg	4109.5	1049.47	71.9102	211.183	-0.465829
5D0S5HP1.jpg	3207.54	1102.6	39.2781	119.185	-0.573936
5D0S5HP4.jpg	2354.37	1228.64	65.907	210.391	1.08278
5D0S5HP4.jpg	2702.35	1226.98	38.75	120.262	-0.467047
5D0S5HP4.jpg	4655.49	1179.12	52.7236	137.138	-0.46869
5D0S5HP4.jpg	3013.72	1285.33	44.5317	139.735	-0.535742
5D0S5HPD.jpg	2830.86	959.976	94.4597	284.33	-0.350298
5D0S5HPD.jpg	4117.05	1014.15	54.4121	157.471	-0.518147
5D0S5HPD.jpg	3942.61	915.044	106.694	304.67	-0.530889
5D0S5HPG.jpg	3128.77	1183.55	127.998	339.688	-0.333279
5D0S5HPG.jpg	2017.19	751.821	51.1235	148.21	-0.352982
5D0S5HPG.jpg	2458.96	1153.31	50.5439	158.028	-0.473788
5D0S5HPG.jpg	1863.02	948.911	51.5414	145.865	-0.521932
5D0S5HPG.jpg	2702.44	901.952	110.51	327.737	-0.583931
5D0S5HPI.jpg	1303.48	1277	142.738	437.193	1.00721
5D0S5HPI.jpg	3577.89	1527.82	37.8691	118.035	-0.277468
5D0S5HPI.jpg	3832.25	1205.66	46.5715	128.769	-0.440645
5D0S5HPI.jpg	418.534	952.574	112.613	316.934	-0.549551
5D0S5HPK.jpg	4723.94	1120.88	45.5352	137.878	-0.280593
5D0S5HPK.jpg	1432.41	1036.47	73.012	198.806	-0.307504
5D0S5HPK.jpg	1359.86	1138.16	94.5388	273.165	-0.635016
5D0S5HPK.jpg	1320.16	1250.83	85.5955	266.435	-0.660236
5D0S5HPM.jpg	3678.15	1313.86	43.6233	119.021	-0.251956
5D0S5HPM.jpg	2549.56	1177.44	118.354	344.405	-0.396635
5D0S5HPM.jpg	1257.4	1143.08	38.6381	111.419	-0.651388
5D0S5HPP.jpg	2259.18	1212.76	38.126	114.811	-0.479331
5D0S5HPQ.jpg	271.922	1202.56	39.4484	115.017	0.332612
5D0S5HPU.jpg	1171.24	953.423	135.099	419.44	-0.186543
5D0S5HPU.jpg	983.433	1081.57	41.6254	116.827	-0.328725
5D0S5HPU.jpg	905.167	532.491	336.038	945.595	-0.663938
5D0S5HPV.jpg	1260.99	888.489	108.272	311.507	-0.160529
5D0S5HPZ.jpg	1714.17	1046.27	79.0896	241.582	-0.510206
5D0S5HPZ.jpg	634.345	1101.85	106.121	321.076	-0.530049
5D0S5HPZ.jpg	393.47	906.221	161.023	481.339	-0.739442
5D0S5HQ2.jpg	3290.78	1130.63	43.1565	138.511	-0.392632
5D0S5HQ2.jpg	2732.24	1166.95	139.992	421.375	-0.443014
5D0S5HQ2.jpg	1671.73	1005.33	94.5959	291.777	-0.63822
5D0S5HQ4.jpg	1063.81	1173.01	90.0986	283.623	-0.257787
5D0S5HQ4.jpg	1154.24	1173.81	91.551	279.137	-0.258062
5D0S5HQ9.jpg	864.573	1200.74	78.1518	220.763	-0.0659434
5D0S5HQ9.jpg	3097.42	1132.16	46.3486	141.024	-0.379421
5D0S5HQ9.jpg	3009.67	963.933	162.482	470.936	-0.417501
5D0S5HQ9.jpg	3907.13	1437.61	43.9915	135.89	-0.598947
5D0S5HQA.jpg	4098.37	1290.42	80.0996	251.914	-0.337407
5D0S5HQB.jpg	1927.07	1065.4	59.1177	183.533	-0.58801
5D0S5HQE.jpg	358.801	1160.95	40.511	115.933	-0.466586
5D0S5HQE.jpg	450.362	1152.51	57.4965	179.706	-0.556438
5D0S5HQE.jpg	871.779	1249.83	36.999	117.173	-0.603681
5D0S5HQE.jpg	657.119	1099.63	96.6036	281.829	-0.610957
5D0S5HQV.jpg	3509.77	969.322	104.949	317.403	-0.12127
5D0S5HQV.jpg	4584.23	1160.18	42.3032	120.022	-0.394661
5D0S5HQV.jpg	3476.09	1152.75	55.0569	157.176	-0.416157
5D0S5HQV.jpg	3395.38	891.232	139.966	427.972	-0.491378
5D0S5HQX.jpg	2779.93	962.098	43.814	141.017	-0.0762323
5D0S5HQX.jpg	1462.03	1105.65	44.0057	143.937	-0.380749
5D0S5HQX.jpg	2799.45	1016.05	83.2368	231.943	-0.399727
5D0S5HQX.jpg	1579.46	1072	137.645	403.673	-0.458018
5D0S5HQX.jpg	554.653	1104.08	42.0264	136.58	-0.552339
5D0S5HQY.jpg	4573.99	1017.13	81.2534	229.397	-0.463814
5D0S5HQY.jpg	659.076	1096.76	54.1329	176.579	-0.476145
5D0S5HQY.jpg	1125.58	1059.54	71.3015	208.986	-0.540738
5D0S5HQY.jpg	4524.45	1192.35	44.1602	134.704	-0.564948
5D0S5HRC.jpg	459.307	1120.6	90.239	272.581	0.107413
5D0S5HRC.jpg	1459.5	1198.06	48.823	154.984	-0.292012
5D0S5HRC.jpg	2460.66	1164.2	48.7239	155.287	-0.389086
5D0S5HRC.jpg	1168.81	1216.2	42.5543	120.643	-0.416554
5D0S5HRE.jpg	394.679	1219.95	87.6088	273.361	-0.033392
5D0S5HRE.jpg	663.041	1282.53	43.1752	114.224	-0.565
5D0S5HRF.jpg	4435.04	840.961	88.7383	283.122	-0.248706
5D0S5HRF.jpg	4459.51	1351.24	108.117	315.766	-0.460917
5D0S5HRF.jpg	4521.08	1139.78	45.0977	137.259	-0.531332
5D0S5HRF.jpg	4189.52	1018.16	123.642	373.666	-0.576142
5D0S5HRH.jpg	3792.15	1059.96	70.8374	215.906	-0.0478671
5D0S5HRH.jpg	3660.55	1029.41	88.969	270.686	-0.18366
5D0S5HRH.jpg	3845	1088.44	48.8301	160.343	-0.454591
5D0S5HRH.jpg	33.8414	1522.83	96.983	280.076	-0.499787
5D0S5HRH.jpg	1591.67	985.481	42.4	119.38	-0.508181
5D0S5HRH.jpg	3755.07	919.832	123.77	378.928	-0.585568
5D0S5HRK.jpg	131.57	1058.74	79.4058	237.526	-0.280553
5D0S5HRN.jpg	3714.71	1248.48	36.0881	118.341	-0.0594902
5D0S5HRN.jpg	4520.06	1170.76	50.3335	162.476	-0.294516
5D0S5HRN.jpg	3120.7	1045.56	79.6912	228.342	-0.302227
5D0S5HRN.jpg	2796.78	1055.49	83.2253	230.186	-0.40584
5D0S5HRN.jpg	4041.7	1196.99	39.293	114.454	-0.45186
5D0S5HRN.jpg	4490.34	1233.1	39.9565	116.888	-0.502677
5D0S5HRN.jpg	1300.29	1121.87	46.0374	138.029	-0.505812
5D0S5HRO.jpg	1769.41	1026.1	67.7937	179.291	-0.470222
5D0S5HRQ.jpg	16.9805	1019.66	69.976	207.269	-0.22042
5D0S5HRQ.jpg	1108.23	1088.54	56.3701	162.676	-0.2927
5D0S5HRQ.jpg	4657.96	921.888	120.062	372.709	-0.393088
5D0S5HRQ.jpg	784.989	1126.98	40.3865	123.362	-0.527535
5D0S5HRQ.jpg	220.391	554.576	263.768	832.329	-0.584183
5D0S5HRR.jpg	1916.43	1101.99	79.3497	237.341	-0.35425
5D0S5HRU.jpg	1423.65	1111.77	48.1582	134.416	-0.265179
5D0S5HRU.jpg	2754.02	1082.57	54.8403	150.247	-0.364482
5D0S5HRU.jpg	511.901	756.503	207	665.621	-0.406523
5D0S5HRX.jpg	2049.69	1089.17	61.0422	183.429	-0.353258
5D0S5HRY.jpg	1386.09	1251.16	82.6268	239.077	0.937995
5D0S5HRY.jpg	3018.78	1036.14	91.7637	264.802	-0.35257
5D0S5HRY.jpg	969.931	926.763	145.025	426.455	-0.372451
5D0S5HRY.jpg	124.481	1078.82	53.9168	162.604	-0.501513
5D0S5HRY.jpg	3374.67	1004.9	75.9695	254.175	-0.565343
5D0S5HRY.jpg	4307.29	1156.91	37.3237	129.528	-0.574834
5D0S5HS0.jpg	2492.03	1270.68	71.0581	194.247	0.350169
5D0S5HS0.jpg	3655.37	1198.83	96.2834	263.33	-0.33069
5D0S5HS0.jpg	2379.06	1095.41	48.1643	141.235	-0.445875
5D0S5HS0.jpg	2946.09	1379.8	38.9355	119.781	-0.489057
5D0S5HS0.jpg	3005.02	1073.42	70.3569	202.924	-0.53484
5D0S5HS0.jpg	4419.69	1177.8	37.3291	121.207	-0.621877
5D0S5HS2.jpg	1269.99	1104.5	49.0833	145.823	0.663441
5D0S5HS2.jpg	2074.72	1269.98	91.8384	282.81	-0.170333
5D0S5HS2.jpg	4160.81	1142.79	81.1401	229.304	-0.172355
5D0S5HS2.jpg	2273.19	1053.6	74.0669	234.812	-0.427282
5D0S5HS2.jpg	1982.12	1320.22	80.4423	252.112	-0.458983
5D0S5HS6.jpg	1836.37	1219.06	86.3552	241.196	-0.38876
5D0S5HS6.jpg	590.419	1032.12	86.4529	270.94	-0.638811
5D0S5HS9.jpg	608.217	1154.6	38.1066	122.39	0.162544
5D0S5HS9.jpg	1305.96	843.591	135.606	421.461	-0.389728
5D0S5HS9.jpg	2838.73	1540.95	55.3018	166.686	-0.398344
5D0S5HS9.jpg	1733.47	1141.56	51.012	155.172	-0.429505
5D0S5HS9.jpg	1175.53	1298.66	38.875	116.602	-0.452049
5D0S5HSA.jpg	4220.13	1181.68	111.45	317.749	-0.349979
5D0S5HSA.jpg	242.227	1172.03	89.7854	272.664	-0.35438
5D0S5HSA.jpg	251.225	1051.36	141.106	427.917	-0.53227
5D0S5HSD.jpg	1415.9	544.505	217.823	696.63	-0.601958
5D0S5HSF.jpg	1212.99	1394.74	54.6255	159.88	-0.108379
5D0S5HSF.jpg	1407.88	1216.51	39.4701	116.43	-0.217046
5D0S5HSI.jpg	2987.61	1518.07	45.853	136.313	-0.136542
5D0S5HSI.jpg	1057.64	1122.57	39.0786	118.999	-0.435022
5D0S5HSI.jpg	1419.61	888.545	140.429	413.405	-0.581886
5D0S5HSJ.jpg	1839.87	1078.02	120.87	387.447	-0.218306
5D0S5HSJ.jpg	1847.08	683.42	278.402	823.289	-0.559929
5D0S5HSK.jpg	1262.61	1121.63	60.8799	172.68	-0.178961
5D0S5HSK.jpg	1187.4	971.527	114.704	344.878	-0.180971
5D0S5HSK.jpg	1003.52	1312.29	52.6495	151.514	-0.365948
5D0S5HSP.jpg	3522.03	1155.54	39.7769	116.764	-0.197576
5D0S5HSP.jpg	557.188	540.805	277.781	844.663	-0.499773
5D0S5HSP.jpg	968.219	1129.93	37.0902	105.376	-0.571386
5D0S5HSQ.jpg	912.7	1274.44	39.2756	112.488	-0.457161
5D0S5HSQ.jpg	4415.16	1142.25	39.1118	121.152	-0.513382
5D0S5HSR.jpg	2137.29	799.392	38.1443	124.873	-0.321047
5D0S5HSR.jpg	1229.94	1111.8	47.0197	129.94	-0.403624
5D0S5HSR.jpg	1889.78	1171.41	41.3671	112.837	-0.488404
5D0S5HSR.jpg	1885.13	1148.14	80.4229	251.354	-0.569804
5D0S5HSU.jpg	4102.16	1059.67	103.418	324.22	-0.490038
5D0S5HSV.jpg	1527.85	1119.82	90.4766	272.63	-0.627217
5D0S5HSW.jpg	2321.84	933.704	106.694	316.394	-0.463163
5D0S5HSW.jpg	4691	1269.39	66.8174	183.367	-0.493108
5D0S5HSW.jpg	3983.66	1432.88	40.2522	123.485	-0.545577
5D0S5HSW.jpg	2625.7	1177.21	80.9854	254.208	-0.660264
5D0S5LOH.jpg	2116.72	1051.45	98.4919	325.889	-0.488081
5D0S5LOI.jpg	4681.98	1587.51	59.2847	186.21	-0.442248
5D0S5LON.jpg	2280.47	1192.39	48.3511	143.222	0.6148
5D0S5LOR.jpg	2046.3	1272.88	42.7982	126.16	-0.26788
5D0S5LOR.jpg	2009.86	1270.84	37.3693	123.309	-0.58523
5D0S5LOR.jpg	2129.39	1280.54	36.5452	120.788	-0.683646
5D0S5LOT.jpg	1860.04	964.333	52.2574	152.726	-0.523726
5D0S5LOV.jpg	2339.78	1397.08	59.6399	177.153	0.0839813
5D0S5LOV.jpg	2463.92	1387.87	60.145	176.816	-0.192245
5D0S5LOV.jpg	2234.57	1397.55	45.9241	136.1	-0.44528
5D0S5LOV.jpg	2562.26	1382.07	59.0017	187.698	-0.496321
5D0S5LOW.jpg	2616.2	1194.7	38.0369	120.015	0.778476
5D0S5LP7.jpg	2561.63	1224.35	46.2749	135.113	-0.328343
5D0S5LPA.jpg	3633.9	1154.18	40.594	109.543	-0.36823
5D0S5LPA.jpg	4487.27	1019.26	64.8604	207.406	-0.574565
5D0S5LPM.jpg	1801.38	1219.42	84.9257	270.141	0.324026
5D0S5LPM.jpg	2174.19	983.919	174.58	488.354	-0.511121
5D0S5LPP.jpg	1272.21	1193.49	41.8606	116.9	1.10309
5D0S5LPP.jpg	3428.7	1148.09	44.376	141.056	-0.230143
5D0S5LPP.jpg	608.541	1355.03	41.9254	115.452	-0.336627
5D0S5LPP.jpg	3400.7	997.75	101.667	298.391	-0.558486
5D0S5LPU.jpg	2187.76	1215.17	160.621	478.856	1.72997
5D0S5LPU.jpg	3440.05	1072.26	68.4868	200.076	-0.555123
5D0S5LPZ.jpg	1412.71	1203.07	55.4669	154.195	0.233096
5D0S5LPZ.jpg	433.252	1016.08	77.7246	230.169	-0.530307
5D0S5LPZ.jpg	945.661	1125.95	36.5683	121.922	-0.655848
5D0S5LQ0.jpg	3321.15	1205.6	41.2212	141.416	1.55469
5D0S5LQ0.jpg	615.752	1323.5	51.0042	158.46	-0.256987
5D0S5LQ0.jpg	3298.91	1122.65	75.4565	243.135	-0.404134
5D0S5LQ0.jpg	4103.34	977.243	118.4	364.066	-0.443266
5D0S5LQ0.jpg	1211.43	1121.46	46.8312	145.238	-0.475526
5D0S5LR7.jpg	2403.68	934.383	163.697	473.235	-0.544302
5D0S5LRK.jpg	2958.11	1212.91	85.6643	290.263	1.23582
5D0S5LRK.jpg	321.196	886.83	155.087	500.321	-0.184219
5D0S5LRK.jpg	2399.62	1047.51	86.4822	238.664	-0.471414
5D0S5MAY.jpg	4288.78	983.915	51.3843	156.076	-0.353343
5D0S5MCA.jpg	1545.87	873.698	44.4846	136.381	-0.476375
5D0S5MCH.jpg	2658.63	1027.05	153.461	497.539	-0.283157
